# canonical observed QBO cycle (FUB radiosonde composite, anomaly u m/s)
# built by build_canonical_qbo.py; mean period 27.9 mo, 29.6 cycles 1953-2021; phase origin: westerly onset at 10 hPa
7 28
70 50 40 30 20 15 10
   2.87    1.21   -0.57   -3.04   -5.09   -7.75   -8.99   -8.61  -11.03  -10.67   -8.16   -3.98   -1.19    1.37    3.04    3.65    4.21    3.59    4.31    4.54    4.72    4.63    5.42    5.78    6.02    6.38    3.81    3.50
  -6.00  -11.31  -14.32  -16.40  -19.06  -20.24  -21.06  -20.22  -18.18   -6.13    3.12    7.73    9.42   10.90    9.84   10.07    9.90   10.11   11.32   11.33   10.49   10.30   10.32    9.35    9.47    5.32    3.99   -0.06
 -16.88  -20.69  -20.91  -22.73  -24.20  -23.51  -22.68  -16.04   -0.62    8.80   10.57   14.37   15.49   15.84   14.27   14.58   15.43   14.45   14.38   14.04   11.51   10.22   10.25    5.18    3.01   -5.47   -7.15  -11.53
 -16.72  -20.23  -18.43  -20.69  -18.04   -7.65    0.67    8.12   13.49   14.40   14.91   16.07   13.61   14.24   15.19   13.54   12.01   12.26   11.18    9.48    7.50    2.96   -2.08   -9.17  -15.56  -14.69  -19.06  -17.32
 -24.15  -22.69  -20.11  -10.34    2.50    7.55   15.68   20.52   21.38   23.07   22.40   23.20   21.75   20.56   18.35   15.80   13.42    9.42    5.40   -2.38  -10.50  -16.18  -20.81  -19.19  -23.63  -23.04  -24.69  -23.28
 -21.93  -15.29   -3.23   10.13   14.96   17.63   21.58   24.13   22.92   22.57   21.44   23.39   19.84   17.47   13.35   10.15    3.44   -5.42  -11.30  -17.26  -16.88  -18.22  -21.20  -17.77  -23.34  -23.56  -25.58  -22.00
  -0.16    7.42   12.70   14.45   16.23   15.95   17.70   19.95   22.10   22.38   17.71   17.26   11.11    7.21    2.27   -5.46  -10.77  -14.71  -19.87  -19.07  -18.65  -19.16  -20.66  -17.02  -19.76  -18.12  -13.57   -7.48
